
    34   136     0     8     1     1    17    67     0     0     0     5     5     1     0     0     1

     1    64     1


     0     0     0     8     1     1    65     1    16    19     0     1     1     1   128     1     

    35     2     1


     8    16    19     8     1     1     1    19   128     0     0    49     9     1     0    17     0

   137     8     1


     0     0    16    16   129    65     1     1    64     1     0     1    17    65   128     0     1

     1    16     1


    12     0     0    16     0     1     1     1     0     0    68     1     5     1     0    64     1

     1     0     1


     8     0     0     0    17    65     5     1     0     0     0     2     9     9     0     0    17

     1   137   137


    34   136     0     8     1     1    17    67     0     0     0     5     5     1     0     0     1

     1    64     1


     0     0     0     8     1     1    65     1    16    19     0     1     1     1   128     1     1

    35     2     1


     8    16    19     8     1     1     1    19   128     0     0    49     9     1     0    17     0

   137     8     1


     0     0    16    16   129    65     1     1    64     1     0     1    17    65   128     0     1

     1    16     1


    12     0     0    16     0     1     1     1     0     0    68     1     5     1     0    64     1

     1     0     1


     8     0     0     0    17    65     5     1     0     0     0     2     9     9     0     0    17

     1   137   137


    34   136     0     8     1     1    17    67     0     0     0     5     5     1     0     0     1

     1    64     1


     0     0     0     8     1     1    65     1    16    19     0     1     1     1   128     1     1

    35     2     1


     8    16    19     8     1     1     1    19   128     0     0    49     9     1     0    17     0

   137     8     1


     0     0    16    16   129    65     1     1    64     1     0     1    17    65   128     0     1

     1    16     1


    12     0     0    16     0     1     1     1     0     0    68     1     5     1     0    64     1

     1     0     1


     8     0     0     0    17    65     5     1     0     0     0     2     9     9     0     0    17

     1   137   137


    34   136     0     8     1     1    17    67     0     0     0     5     5     1     0     0     1

      1    64     1


     0     0     0     8     1     1    65     1    16    19     0     1     1     1   128     1     1
  
    35     2     1


     8    16    19     8     1     1     1    19   128     0     0    49     9     1     0    17     0

     137     8     1


     0     0    16    16   129    65     1     1    64     1     0     1    17    65   128     0     1
  
     1    16     1


    12     0     0    16     0     1     1     1     0     0    68     1     5     1     0    64     1
 
    1     0     1


     8     0     0     0    17    65     5     1     0     0     0     2     9     9

      0     0    17     1   137   137


    34   136     0     8     1     1    17    67     0     0     0     5     5     1

       0     0     1     1    64     1


     0     0     0     8     1     1    65     1    16    19     0     1     1     1

   128     1     1    35     2     1


     8    16    19     8     1     1     1    19   128     0     0    49     9     1

     0    17     0   137     8     1


     0     0    16    16   129    65     1     1    64     1     0     1    17    65

   128     0     1     1    16     1


 
    12     0     0    16     0     1     1     1     0     0    68     1     5     1

      0    64     1     1     0     1


     8     0     0     0    17    65     5     1     0     0     0     2     9     9

     0     0    17     1   137   137

>> 